%YAML:1.0
---
CameraExtrinsicMat: !!opencv-matrix
   rows: 4
   cols: 4
   dt: d
   data: [ 0.0, 0.0, 1.0, 0.264, -1.0, 0.0, 0.0, -0.5, 0.0, -1.0, 0.0, 1.0, 0.0, 0.0, 0.0, 1.0]
CameraMat: !!opencv-matrix
   rows: 3
   cols: 3
   dt: d
   data: [ 1.6840907277389754e+03, 0.0, 9.8131222167211354e+02, 0.0, 1.6092407053070360e+03, 6.2886541202865453e+02, 0.0, 0.0, 1.0]
DistCoeff: !!opencv-matrix
   rows: 1
   cols: 5
   dt: d
   data: [ -7.9729243354910873e-01, -5.4728047888399857e+01, 1.6457362542746620e-01, 2.4569479943219449e-02, 9.1647441020686813e+02 ]
ImageSize: [ 1920, 1208 ]
ReprojectionError: 1.0501847438719170e+00
