%YAML:1.0
---
CameraExtrinsicMat: !!opencv-matrix
   rows: 4
   cols: 4
   dt: d
   data: [ 0.0, 0.0, 1.0, 0.264, -1.0, 0.0, 0.0, 0, -0.0052359, -0.9999863, -0.0000274, 0.2, 0.0, 0.0, 0.0, 1.0]
CameraMat: !!opencv-matrix
   rows: 3
   cols: 3
   dt: d
   data: [ 1.8454619943925788e+03, 0.0, 9.4222804837669923e+02,  0.0, 1.8454619943925788e+03, 6.6764464125374229e+02, 0.0, 0.0, 1.0]
DistCoeff: !!opencv-matrix
   rows: 1
   cols: 5
   dt: d
   data: [ -3.0451041662665451e-01, 1.5417496402825359e-01, -8.4418912935651385e-04, 1.6273606220090443e-03, -5.4099033236530432e-02 ]
ImageSize: [ 1920, 1208 ]
ReprojectionError: 1.0501847438719170e+00

